400 0.34273743629455566
401 0.09711313247680664
402 0.0916435718536377
403 0.09010958671569824
404 0.07937288284301758
405 0.07476520538330078
406 0.06892085075378418
407 0.06894087791442871
408 0.06885838508605957
409 0.06891798973083496
410 0.06867814064025879
411 0.07095694541931152
412 0.06876564025878906
413 0.0733487606048584
414 0.06914377212524414
415 0.06908750534057617
416 0.06946849822998047
417 0.06883645057678223
418 0.06877350807189941
419 0.06891322135925293
420 0.06877350807189941
421 0.0688486099243164
422 0.06876850128173828
423 0.07172465324401855
424 0.06899118423461914
425 0.06869196891784668
426 0.06891131401062012
427 0.06908655166625977
428 0.06868410110473633
429 0.06876873970031738
430 0.06875944137573242
431 0.06897449493408203
432 0.06884980201721191
433 0.06867122650146484
434 0.06883907318115234
435 0.068878173828125
436 0.06875419616699219
437 0.06900906562805176
438 0.06900525093078613
439 0.06897950172424316
440 0.06880474090576172
441 0.06887054443359375
442 0.06992506980895996
443 0.06885147094726562
444 0.07521343231201172
445 0.06932282447814941
446 0.0688328742980957
447 0.06904053688049316
448 0.06884264945983887
449 0.06876564025878906
450 0.06890225410461426
451 0.06890368461608887
452 0.06889724731445312
453 0.06907057762145996
454 0.06894421577453613
455 0.0688633918762207
456 0.06882929801940918
457 0.06881356239318848
458 0.06895971298217773
459 0.0691678524017334
460 0.06883382797241211
461 0.06881380081176758
462 0.06888365745544434
463 0.06883573532104492
464 0.06888008117675781
465 0.07129359245300293
466 0.0690011978149414
467 0.07010364532470703
468 0.0690603256225586
469 0.06919145584106445
470 0.07098031044006348
471 0.06893801689147949
472 0.06886863708496094
473 0.0688943862915039
474 0.06896138191223145
475 0.06879425048828125
476 0.06871438026428223
477 0.06896018981933594
478 0.06872940063476562
479 0.06880545616149902
480 0.07179784774780273
481 0.0688169002532959
482 0.06879305839538574
483 0.07319307327270508
484 0.06868290901184082
485 0.0690453052520752
486 0.06902551651000977
487 0.0689387321472168
488 0.06882381439208984
489 0.06899571418762207
490 0.06915593147277832
491 0.06900787353515625
492 0.0764765739440918
493 0.06889915466308594
494 0.06875419616699219
495 0.06908369064331055
496 0.06894207000732422
497 0.06909775733947754
498 0.06900477409362793
499 0.06876134872436523
